# measurement unit: cm
  nwa-bar    dir_x    dir_y    dir_z         x          y         z
        0       -1       -1       -1  408.6581  -109.5488  344.3928
        0       -1       -1        1  404.2278  -109.6076  338.9928
        0       -1        1       -1  408.5760  -101.2942  344.3703
        0       -1        1        1  404.1457  -101.3530  338.9703
        0        1       -1       -1  258.9359  -110.7033  467.2420
        0        1       -1        1  254.5056  -110.7621  461.8421
        0        1        1       -1  258.8537  -102.4487  467.2195
        0        1        1        1  254.4235  -102.5075  461.8195
        1       -1       -1       -1  408.5728  -100.9767  344.3694
        1       -1       -1        1  404.1425  -101.0355  338.9695
        1       -1        1       -1  408.4907   -92.7222  344.3469
        1       -1        1        1  404.0604   -92.7810  338.9470
        1        1       -1       -1  258.8506  -102.1313  467.2186
        1        1       -1        1  254.4203  -102.1901  461.8187
        1        1        1       -1  258.7685   -93.8767  467.1961
        1        1        1        1  254.3382   -93.9355  461.7962
        2       -1       -1       -1  408.4875   -92.4047  344.3460
        2       -1       -1        1  404.0572   -92.4635  338.9461
        2       -1        1       -1  408.4054   -84.1501  344.3235
        2       -1        1        1  403.9751   -84.2089  338.9236
        2        1       -1       -1  258.7653   -93.5592  467.1952
        2        1       -1        1  254.3350   -93.6180  461.7953
        2        1        1       -1  258.6832   -85.3047  467.1727
        2        1        1        1  254.2529   -85.3635  461.7728
        3       -1       -1       -1  408.4022   -83.8327  344.3227
        3       -1       -1        1  403.9720   -83.8915  338.9227
        3       -1        1       -1  408.3201   -75.5781  344.3001
        3       -1        1        1  403.8898   -75.6369  338.9002
        3        1       -1       -1  258.6800   -84.9872  467.1719
        3        1       -1        1  254.2497   -85.0460  461.7719
        3        1        1       -1  258.5979   -76.7326  467.1494
        3        1        1        1  254.1676   -76.7914  461.7494
        4       -1       -1       -1  408.3170   -75.2606  344.2993
        4       -1       -1        1  403.8867   -75.3194  338.8993
        4       -1        1       -1  408.2348   -67.0061  344.2768
        4       -1        1        1  403.8046   -67.0649  338.8768
        4        1       -1       -1  258.5947   -76.4151  467.1485
        4        1       -1        1  254.1645   -76.4739  461.7486
        4        1        1       -1  258.5126   -68.1606  467.1260
        4        1        1        1  254.0823   -68.2194  461.7260
        5       -1       -1       -1  408.2317   -66.6886  344.2759
        5       -1       -1        1  403.8014   -66.7474  338.8760
        5       -1        1       -1  408.1496   -58.4340  344.2534
        5       -1        1        1  403.7193   -58.4928  338.8534
        5        1       -1       -1  258.5095   -67.8431  467.1251
        5        1       -1        1  254.0792   -67.9019  461.7252
        5        1        1       -1  258.4273   -59.5885  467.1026
        5        1        1        1  253.9971   -59.6473  461.7027
        6       -1       -1       -1  408.1464   -58.1165  344.2525
        6       -1       -1        1  403.7161   -58.1753  338.8526
        6       -1        1       -1  408.0643   -49.8620  344.2300
        6       -1        1        1  403.6340   -49.9208  338.8301
        6        1       -1       -1  258.4242   -59.2710  467.1017
        6        1       -1        1  253.9939   -59.3298  461.7018
        6        1        1       -1  258.3421   -51.0165  467.0792
        6        1        1        1  253.9118   -51.0753  461.6793
        7       -1       -1       -1  408.0611   -49.5445  344.2292
        7       -1       -1        1  403.6308   -49.6033  338.8292
        7       -1        1       -1  407.9790   -41.2899  344.2066
        7       -1        1        1  403.5487   -41.3487  338.8067
        7        1       -1       -1  258.3389   -50.6990  467.0784
        7        1       -1        1  253.9086   -50.7578  461.6784
        7        1        1       -1  258.2568   -42.4444  467.0558
        7        1        1        1  253.8265   -42.5032  461.6559
        8       -1       -1       -1  407.9758   -40.9724  344.2058
        8       -1       -1        1  403.5456   -41.0312  338.8058
        8       -1        1       -1  407.8937   -32.7179  344.1833
        8       -1        1        1  403.4634   -32.7767  338.7833
        8        1       -1       -1  258.2536   -42.1270  467.0550
        8        1       -1        1  253.8233   -42.1858  461.6550
        8        1        1       -1  258.1715   -33.8724  467.0325
        8        1        1        1  253.7412   -33.9312  461.6325
        9       -1       -1       -1  407.8906   -32.4004  344.1824
        9       -1       -1        1  403.4603   -32.4592  338.7824
        9       -1        1       -1  407.8084   -24.1458  344.1599
        9       -1        1        1  403.3782   -24.2046  338.7599
        9        1       -1       -1  258.1683   -33.5549  467.0316
        9        1       -1        1  253.7381   -33.6137  461.6317
        9        1        1       -1  258.0862   -25.3003  467.0091
        9        1        1        1  253.6559   -25.3591  461.6092
       10       -1       -1       -1  407.8053   -23.8283  344.1590
       10       -1       -1        1  403.3750   -23.8872  338.7591
       10       -1        1       -1  407.7231   -15.5738  344.1365
       10       -1        1        1  403.2929   -15.6326  338.7366
       10        1       -1       -1  258.0831   -24.9829  467.0082
       10        1       -1        1  253.6528   -25.0417  461.6083
       10        1        1       -1  258.0009   -16.7283  466.9857
       10        1        1        1  253.5707   -16.7871  461.5858
       11       -1       -1       -1  407.7200   -15.2563  344.1356
       11       -1       -1        1  403.2897   -15.3151  338.7357
       11       -1        1       -1  407.6379    -7.0017  344.1131
       11       -1        1        1  403.2076    -7.0605  338.7132
       11        1       -1       -1  257.9978   -16.4108  466.9849
       11        1       -1        1  253.5675   -16.4696  461.5849
       11        1        1       -1  257.9157    -8.1563  466.9623
       11        1        1        1  253.4854    -8.2151  461.5624
       12       -1       -1       -1  407.6347    -6.6843  344.1123
       12       -1       -1        1  403.2044    -6.7431  338.7123
       12       -1        1       -1  407.5526     1.5703  344.0898
       12       -1        1        1  403.1223     1.5115  338.6898
       12        1       -1       -1  257.9125    -7.8388  466.9615
       12        1       -1        1  253.4822    -7.8976  461.5615
       12        1        1       -1  257.8304     0.4158  466.9390
       12        1        1        1  253.4001     0.3570  461.5390
       13       -1       -1       -1  407.5494     1.8878  344.0889
       13       -1       -1        1  403.1192     1.8290  338.6889
       13       -1        1       -1  407.4673    10.1423  344.0664
       13       -1        1        1  403.0370    10.0835  338.6664
       13        1       -1       -1  257.8272     0.7333  466.9381
       13        1       -1        1  253.3969     0.6745  461.5382
       13        1        1       -1  257.7451     8.9878  466.9156
       13        1        1        1  253.3148     8.9290  461.5156
       14       -1       -1       -1  407.4641    10.4598  344.0655
       14       -1       -1        1  403.0339    10.4010  338.6656
       14       -1        1       -1  407.3820    18.7144  344.0430
       14       -1        1        1  402.9517    18.6556  338.6430
       14        1       -1       -1  257.7419     9.3053  466.9147
       14        1       -1        1  253.3116     9.2465  461.5148
       14        1        1       -1  257.6598    17.5599  466.8922
       14        1        1        1  253.2295    17.5011  461.4923
       15       -1       -1       -1  407.3789    19.0319  344.0421
       15       -1       -1        1  402.9486    18.9731  338.6422
       15       -1        1       -1  407.2967    27.2864  344.0196
       15       -1        1        1  402.8665    27.2276  338.6197
       15        1       -1       -1  257.6566    17.8774  466.8913
       15        1       -1        1  253.2264    17.8186  461.4914
       15        1        1       -1  257.5745    26.1319  466.8688
       15        1        1        1  253.1442    26.0731  461.4689
       16       -1       -1       -1  407.2936    27.6039  344.0188
       16       -1       -1        1  402.8633    27.5451  338.6188
       16       -1        1       -1  407.2115    35.8585  343.9962
       16       -1        1        1  402.7812    35.7997  338.5963
       16        1       -1       -1  257.5714    26.4494  466.8680
       16        1       -1        1  253.1411    26.3906  461.4680
       16        1        1       -1  257.4892    34.7040  466.8455
       16        1        1        1  253.0590    34.6452  461.4455
       17       -1       -1       -1  407.2083    36.1760  343.9954
       17       -1       -1        1  402.7780    36.1172  338.5954
       17       -1        1       -1  407.1262    44.4305  343.9729
       17       -1        1        1  402.6959    44.3717  338.5729
       17        1       -1       -1  257.4861    35.0214  466.8446
       17        1       -1        1  253.0558    34.9626  461.4447
       17        1        1       -1  257.4040    43.2760  466.8221
       17        1        1        1  252.9737    43.2172  461.4221
       18       -1       -1       -1  407.1230    44.7480  343.9720
       18       -1       -1        1  402.6927    44.6892  338.5721
       18       -1        1       -1  407.0409    53.0026  343.9495
       18       -1        1        1  402.6106    52.9438  338.5495
       18        1       -1       -1  257.4008    43.5935  466.8212
       18        1       -1        1  252.9705    43.5347  461.4213
       18        1        1       -1  257.3187    51.8480  466.7987
       18        1        1        1  252.8884    51.7892  461.3988
       19       -1       -1       -1  407.0377    53.3200  343.9486
       19       -1       -1        1  402.6075    53.2612  338.5487
       19       -1        1       -1  406.9556    61.5746  343.9261
       19       -1        1        1  402.5253    61.5158  338.5262
       19        1       -1       -1  257.3155    52.1655  466.7978
       19        1       -1        1  252.8852    52.1067  461.3979
       19        1        1       -1  257.2334    60.4201  466.7753
       19        1        1        1  252.8031    60.3613  461.3754
       20       -1       -1       -1  406.9525    61.8921  343.9253
       20       -1       -1        1  402.5222    61.8333  338.5253
       20       -1        1       -1  406.8703    70.1467  343.9027
       20       -1        1        1  402.4401    70.0878  338.5028
       20        1       -1       -1  257.2302    60.7376  466.7745
       20        1       -1        1  252.8000    60.6788  461.3745
       20        1        1       -1  257.1481    68.9921  466.7519
       20        1        1        1  252.7178    68.9333  461.3520
       21       -1       -1       -1  406.8672    70.4641  343.9019
       21       -1       -1        1  402.4369    70.4053  338.5019
       21       -1        1       -1  406.7851    78.7187  343.8794
       21       -1        1        1  402.3548    78.6599  338.4794
       21        1       -1       -1  257.1450    69.3096  466.7511
       21        1       -1        1  252.7147    69.2508  461.3511
       21        1        1       -1  257.0628    77.5642  466.7286
       21        1        1        1  252.6326    77.5054  461.3286
       22       -1       -1       -1  406.7819    79.0362  343.8785
       22       -1       -1        1  402.3516    78.9774  338.4785
       22       -1        1       -1  406.6998    87.2907  343.8560
       22       -1        1        1  402.2695    87.2319  338.4560
       22        1       -1       -1  257.0597    77.8817  466.7277
       22        1       -1        1  252.6294    77.8229  461.3278
       22        1        1       -1  256.9776    86.1362  466.7052
       22        1        1        1  252.5473    86.0774  461.3053
       23       -1       -1       -1  406.6966    87.6082  343.8551
       23       -1       -1        1  402.2663    87.5494  338.4552
       23       -1        1       -1  406.6145    95.8628  343.8326
       23       -1        1        1  402.1842    95.8040  338.4327
       23        1       -1       -1  256.9744    86.4537  466.7043
       23        1       -1        1  252.5441    86.3949  461.3044
       23        1        1       -1  256.8923    94.7083  466.6818
       23        1        1        1  252.4620    94.6495  461.2819
       24       -1       -1       -1  406.6113    96.1803  343.8317
       24       -1       -1        1  402.1811    96.1215  338.4318
       24       -1        1       -1  406.5292   104.4348  343.8092
       24       -1        1        1  402.0989   104.3760  338.4093
       24        1       -1       -1  256.8891    95.0257  466.6810
       24        1       -1        1  252.4588    94.9669  461.2810
       24        1        1       -1  256.8070   103.2803  466.6584
       24        1        1        1  252.3767   103.2215  461.2585
