# measurement unit: cm
  nwb-bar    dir_x    dir_y    dir_z         x          y         z
        0       -1       -1       -1  359.3923  -110.6063  285.4153
        0       -1       -1        1  354.9444  -110.6278  280.0296
        0       -1        1       -1  359.3638  -102.3514  285.4059
        0       -1        1        1  354.9159  -102.3729  280.0202
        0        1       -1       -1  210.0609  -110.9814  408.7442
        0        1       -1        1  205.6130  -111.0029  403.3584
        0        1        1       -1  210.0324  -102.7265  408.7347
        0        1        1        1  205.5845  -102.7479  403.3490
        1       -1       -1       -1  359.3627  -102.0339  285.4056
        1       -1       -1        1  354.9148  -102.0554  280.0198
        1       -1        1       -1  359.3342   -93.7789  285.3961
        1       -1        1        1  354.8863   -93.8004  280.0104
        1        1       -1       -1  210.0313  -102.4090  408.7344
        1        1       -1        1  205.5834  -102.4305  403.3486
        1        1        1       -1  210.0028   -94.1540  408.7250
        1        1        1        1  205.5549   -94.1755  403.3392
        2       -1       -1       -1  359.3331   -93.4614  285.3958
        2       -1       -1        1  354.8852   -93.4829  280.0101
        2       -1        1       -1  359.3046   -85.2065  285.3864
        2       -1        1        1  354.8567   -85.2280  280.0006
        2        1       -1       -1  210.0017   -93.8365  408.7246
        2        1       -1        1  205.5538   -93.8580  403.3389
        2        1        1       -1  209.9732   -85.5816  408.7152
        2        1        1        1  205.5253   -85.6031  403.3295
        3       -1       -1       -1  359.3035   -84.8890  285.3860
        3       -1       -1        1  354.8556   -84.9105  280.0003
        3       -1        1       -1  359.2750   -76.6340  285.3766
        3       -1        1        1  354.8271   -76.6555  279.9909
        3        1       -1       -1  209.9721   -85.2641  408.7148
        3        1       -1        1  205.5242   -85.2856  403.3291
        3        1        1       -1  209.9436   -77.0091  408.7054
        3        1        1        1  205.4957   -77.0306  403.3197
        4       -1       -1       -1  359.2739   -76.3166  285.3762
        4       -1       -1        1  354.8260   -76.3380  279.9905
        4       -1        1       -1  359.2454   -68.0616  285.3668
        4       -1        1        1  354.7975   -68.0831  279.9811
        4        1       -1       -1  209.9425   -76.6916  408.7051
        4        1       -1        1  205.4946   -76.7131  403.3193
        4        1        1       -1  209.9140   -68.4367  408.6957
        4        1        1        1  205.4661   -68.4582  403.3099
        5       -1       -1       -1  359.2443   -67.7441  285.3665
        5       -1       -1        1  354.7964   -67.7656  279.9807
        5       -1        1       -1  359.2158   -59.4892  285.3571
        5       -1        1        1  354.7679   -59.5107  279.9713
        5        1       -1       -1  209.9129   -68.1192  408.6953
        5        1       -1        1  205.4650   -68.1407  403.3096
        5        1        1       -1  209.8844   -59.8642  408.6859
        5        1        1        1  205.4365   -59.8857  403.3002
        6       -1       -1       -1  359.2147   -59.1717  285.3567
        6       -1       -1        1  354.7668   -59.1932  279.9710
        6       -1        1       -1  359.1862   -50.9167  285.3473
        6       -1        1        1  354.7383   -50.9382  279.9616
        6        1       -1       -1  209.8833   -59.5467  408.6855
        6        1       -1        1  205.4354   -59.5682  403.2998
        6        1        1       -1  209.8548   -51.2918  408.6761
        6        1        1        1  205.4069   -51.3133  403.2904
        7       -1       -1       -1  359.1851   -50.5992  285.3469
        7       -1       -1        1  354.7372   -50.6207  279.9612
        7       -1        1       -1  359.1566   -42.3443  285.3375
        7       -1        1        1  354.7087   -42.3658  279.9518
        7        1       -1       -1  209.8537   -50.9743  408.6758
        7        1       -1        1  205.4058   -50.9958  403.2900
        7        1        1       -1  209.8252   -42.7194  408.6664
        7        1        1        1  205.3773   -42.7408  403.2806
        8       -1       -1       -1  359.1555   -42.0268  285.3372
        8       -1       -1        1  354.7076   -42.0483  279.9514
        8       -1        1       -1  359.1270   -33.7718  285.3278
        8       -1        1        1  354.6791   -33.7933  279.9420
        8        1       -1       -1  209.8241   -42.4019  408.6660
        8        1       -1        1  205.3762   -42.4233  403.2803
        8        1        1       -1  209.7956   -34.1469  408.6566
        8        1        1        1  205.3477   -34.1684  403.2709
        9       -1       -1       -1  359.1259   -33.4543  285.3274
        9       -1       -1        1  354.6780   -33.4758  279.9417
        9       -1        1       -1  359.0974   -25.1994  285.3180
        9       -1        1        1  354.6495   -25.2209  279.9323
        9        1       -1       -1  209.7945   -33.8294  408.6562
        9        1       -1        1  205.3466   -33.8509  403.2705
        9        1        1       -1  209.7660   -25.5745  408.6468
        9        1        1        1  205.3181   -25.5960  403.2611
       10       -1       -1       -1  359.0963   -24.8819  285.3176
       10       -1       -1        1  354.6484   -24.9034  279.9319
       10       -1        1       -1  359.0678   -16.6269  285.3082
       10       -1        1        1  354.6199   -16.6484  279.9225
       10        1       -1       -1  209.7649   -25.2570  408.6465
       10        1       -1        1  205.3170   -25.2785  403.2607
       10        1        1       -1  209.7364   -17.0020  408.6371
       10        1        1        1  205.2885   -17.0235  403.2513
       11       -1       -1       -1  359.0667   -16.3094  285.3079
       11       -1       -1        1  354.6188   -16.3309  279.9221
       11       -1        1       -1  359.0382    -8.0545  285.2985
       11       -1        1        1  354.5903    -8.0760  279.9127
       11        1       -1       -1  209.7353   -16.6845  408.6367
       11        1       -1        1  205.2874   -16.7060  403.2510
       11        1        1       -1  209.7068    -8.4296  408.6273
       11        1        1        1  205.2589    -8.4511  403.2416
       12       -1       -1       -1  359.0371    -7.7370  285.2981
       12       -1       -1        1  354.5892    -7.7585  279.9124
       12       -1        1       -1  359.0086     0.5179  285.2887
       12       -1        1        1  354.5607     0.4964  279.9030
       12        1       -1       -1  209.7057    -8.1121  408.6269
       12        1       -1        1  205.2578    -8.1336  403.2412
       12        1        1       -1  209.6772     0.1429  408.6175
       12        1        1        1  205.2293     0.1214  403.2318
       13       -1       -1       -1  359.0075     0.8354  285.2883
       13       -1       -1        1  354.5596     0.8139  279.9026
       13       -1        1       -1  358.9790     9.0904  285.2789
       13       -1        1        1  354.5311     9.0689  279.8932
       13        1       -1       -1  209.6761     0.4604  408.6172
       13        1       -1        1  205.2282     0.4389  403.2314
       13        1        1       -1  209.6476     8.7153  408.6078
       13        1        1        1  205.1997     8.6938  403.2220
       14       -1       -1       -1  358.9779     9.4079  285.2786
       14       -1       -1        1  354.5300     9.3864  279.8928
       14       -1        1       -1  358.9494    17.6628  285.2692
       14       -1        1        1  354.5015    17.6413  279.8834
       14        1       -1       -1  209.6465     9.0328  408.6074
       14        1       -1        1  205.1986     9.0113  403.2217
       14        1        1       -1  209.6180    17.2878  408.5980
       14        1        1        1  205.1701    17.2663  403.2122
       15       -1       -1       -1  358.9483    17.9803  285.2688
       15       -1       -1        1  354.5004    17.9588  279.8831
       15       -1        1       -1  358.9198    26.2353  285.2594
       15       -1        1        1  354.4719    26.2138  279.8736
       15        1       -1       -1  209.6169    17.6053  408.5976
       15        1       -1        1  205.1690    17.5838  403.2119
       15        1        1       -1  209.5884    25.8602  408.5882
       15        1        1        1  205.1405    25.8387  403.2025
       16       -1       -1       -1  358.9187    26.5528  285.2590
       16       -1       -1        1  354.4708    26.5313  279.8733
       16       -1        1       -1  358.8902    34.8077  285.2496
       16       -1        1        1  354.4423    34.7862  279.8639
       16        1       -1       -1  209.5873    26.1777  408.5879
       16        1       -1        1  205.1394    26.1562  403.2021
       16        1        1       -1  209.5588    34.4326  408.5784
       16        1        1        1  205.1109    34.4111  403.1927
       17       -1       -1       -1  358.8891    35.1252  285.2493
       17       -1       -1        1  354.4412    35.1037  279.8635
       17       -1        1       -1  358.8606    43.3802  285.2398
       17       -1        1        1  354.4127    43.3587  279.8541
       17        1       -1       -1  209.5577    34.7501  408.5781
       17        1       -1        1  205.1098    34.7286  403.1923
       17        1        1       -1  209.5292    43.0051  408.5687
       17        1        1        1  205.0813    42.9836  403.1829
       18       -1       -1       -1  358.8595    43.6977  285.2395
       18       -1       -1        1  354.4116    43.6762  279.8537
       18       -1        1       -1  358.8310    51.9526  285.2301
       18       -1        1        1  354.3831    51.9311  279.8443
       18        1       -1       -1  209.5281    43.3226  408.5683
       18        1       -1        1  205.0802    43.3011  403.1826
       18        1        1       -1  209.4996    51.5775  408.5589
       18        1        1        1  205.0517    51.5560  403.1732
       19       -1       -1       -1  358.8299    52.2701  285.2297
       19       -1       -1        1  354.3820    52.2486  279.8440
       19       -1        1       -1  358.8014    60.5250  285.2203
       19       -1        1        1  354.3535    60.5035  279.8346
       19        1       -1       -1  209.4985    51.8950  408.5585
       19        1       -1        1  205.0506    51.8735  403.1728
       19        1        1       -1  209.4700    60.1500  408.5491
       19        1        1        1  205.0221    60.1285  403.1634
       20       -1       -1       -1  358.8003    60.8425  285.2199
       20       -1       -1        1  354.3524    60.8210  279.8342
       20       -1        1       -1  358.7718    69.0975  285.2105
       20       -1        1        1  354.3239    69.0760  279.8248
       20        1       -1       -1  209.4689    60.4675  408.5488
       20        1       -1        1  205.0210    60.4460  403.1630
       20        1        1       -1  209.4404    68.7224  408.5394
       20        1        1        1  204.9925    68.7009  403.1536
       21       -1       -1       -1  358.7707    69.4150  285.2102
       21       -1       -1        1  354.3228    69.3935  279.8244
       21       -1        1       -1  358.7422    77.6699  285.2008
       21       -1        1        1  354.2943    77.6484  279.8150
       21        1       -1       -1  209.4393    69.0399  408.5390
       21        1       -1        1  204.9914    69.0184  403.1533
       21        1        1       -1  209.4108    77.2949  408.5296
       21        1        1        1  204.9629    77.2734  403.1439
       22       -1       -1       -1  358.7411    77.9874  285.2004
       22       -1       -1        1  354.2932    77.9659  279.8147
       22       -1        1       -1  358.7126    86.2424  285.1910
       22       -1        1        1  354.2647    86.2209  279.8053
       22        1       -1       -1  209.4097    77.6124  408.5292
       22        1       -1        1  204.9618    77.5909  403.1435
       22        1        1       -1  209.3812    85.8673  408.5198
       22        1        1        1  204.9333    85.8458  403.1341
       23       -1       -1       -1  358.7115    86.5599  285.1906
       23       -1       -1        1  354.2636    86.5384  279.8049
       23       -1        1       -1  358.6830    94.8148  285.1812
       23       -1        1        1  354.2351    94.7933  279.7955
       23        1       -1       -1  209.3801    86.1848  408.5195
       23        1       -1        1  204.9322    86.1633  403.1337
       23        1        1       -1  209.3516    94.4397  408.5101
       23        1        1        1  204.9037    94.4182  403.1243
       24       -1       -1       -1  358.6819    95.1323  285.1809
       24       -1       -1        1  354.2340    95.1108  279.7951
       24       -1        1       -1  358.6534   103.3873  285.1715
       24       -1        1        1  354.2055   103.3658  279.7857
       24        1       -1       -1  209.3505    94.7572  408.5097
       24        1       -1        1  204.9026    94.7357  403.1240
       24        1        1       -1  209.3220   103.0122  408.5003
       24        1        1        1  204.8741   102.9907  403.1146
