# measurement unit: cm
  nwb-bar    dir_x    dir_y    dir_z         x          y         z
        1       -1       -1       -1  359.3784  -110.8046  285.4108
        1       -1       -1        1  354.9305  -110.8046  280.0250
        1       -1        1       -1  359.3784  -102.5496  285.4108
        1       -1        1        1  354.9305  -102.5496  280.0250
        1        1       -1       -1  210.0464  -110.8046  408.7393
        1        1       -1        1  205.5984  -110.8046  403.3536
        1        1        1       -1  210.0464  -102.5496  408.7393
        1        1        1        1  205.5984  -102.5496  403.3536
        2       -1       -1       -1  359.3488  -102.2322  285.4009
        2       -1       -1        1  354.9009  -102.2322  280.0152
        2       -1        1       -1  359.3488   -93.9772  285.4009
        2       -1        1        1  354.9009   -93.9772  280.0152
        2        1       -1       -1  210.0168  -102.2322  408.7296
        2        1       -1        1  205.5688  -102.2322  403.3438
        2        1        1       -1  210.0168   -93.9772  408.7296
        2        1        1        1  205.5688   -93.9772  403.3438
        3       -1       -1       -1  359.3192   -93.6597  285.3912
        3       -1       -1        1  354.8713   -93.6597  280.0054
        3       -1        1       -1  359.3192   -85.4048  285.3912
        3       -1        1        1  354.8713   -85.4048  280.0054
        3        1       -1       -1  209.9872   -93.6597  408.7198
        3        1       -1        1  205.5392   -93.6597  403.3341
        3        1        1       -1  209.9872   -85.4048  408.7198
        3        1        1        1  205.5392   -85.4048  403.3341
        4       -1       -1       -1  359.2896   -85.0873  285.3814
        4       -1       -1        1  354.8416   -85.0873  279.9957
        4       -1        1       -1  359.2896   -76.8323  285.3814
        4       -1        1        1  354.8416   -76.8323  279.9957
        4        1       -1       -1  209.9575   -85.0873  408.7100
        4        1       -1        1  205.5096   -85.0873  403.3243
        4        1        1       -1  209.9575   -76.8323  408.7100
        4        1        1        1  205.5096   -76.8323  403.3243
        5       -1       -1       -1  359.2600   -76.5148  285.3716
        5       -1       -1        1  354.8121   -76.5148  279.9859
        5       -1        1       -1  359.2600   -68.2599  285.3716
        5       -1        1        1  354.8121   -68.2599  279.9859
        5        1       -1       -1  209.9280   -76.5148  408.7003
        5        1       -1        1  205.4800   -76.5148  403.3145
        5        1        1       -1  209.9280   -68.2599  408.7003
        5        1        1        1  205.4800   -68.2599  403.3145
        6       -1       -1       -1  359.2304   -67.9425  285.3619
        6       -1       -1        1  354.7824   -67.9425  279.9761
        6       -1        1       -1  359.2304   -59.6874  285.3619
        6       -1        1        1  354.7824   -59.6874  279.9761
        6        1       -1       -1  209.8983   -67.9425  408.6905
        6        1       -1        1  205.4504   -67.9425  403.3048
        6        1        1       -1  209.8983   -59.6874  408.6905
        6        1        1        1  205.4504   -59.6874  403.3048
        7       -1       -1       -1  359.2008   -59.3700  285.3521
        7       -1       -1        1  354.7528   -59.3700  279.9664
        7       -1        1       -1  359.2008   -51.1150  285.3521
        7       -1        1        1  354.7528   -51.1150  279.9664
        7        1       -1       -1  209.8687   -59.3700  408.6807
        7        1       -1        1  205.4208   -59.3700  403.2950
        7        1        1       -1  209.8687   -51.1150  408.6807
        7        1        1        1  205.4208   -51.1150  403.2950
        8       -1       -1       -1  359.1712   -50.7975  285.3423
        8       -1       -1        1  354.7233   -50.7975  279.9566
        8       -1        1       -1  359.1712   -42.5425  285.3423
        8       -1        1        1  354.7233   -42.5425  279.9566
        8        1       -1       -1  209.8392   -50.7975  408.6710
        8        1       -1        1  205.3912   -50.7975  403.2852
        8        1        1       -1  209.8392   -42.5425  408.6710
        8        1        1        1  205.3912   -42.5425  403.2852
        9       -1       -1       -1  359.1416   -42.2251  285.3326
        9       -1       -1        1  354.6937   -42.2251  279.9468
        9       -1        1       -1  359.1416   -33.9701  285.3326
        9       -1        1        1  354.6937   -33.9701  279.9468
        9        1       -1       -1  209.8096   -42.2251  408.6612
        9        1       -1        1  205.3616   -42.2251  403.2755
        9        1        1       -1  209.8096   -33.9701  408.6612
        9        1        1        1  205.3616   -33.9701  403.2755
       10       -1       -1       -1  359.1120   -33.6526  285.3228
       10       -1       -1        1  354.6640   -33.6526  279.9371
       10       -1        1       -1  359.1120   -25.3977  285.3228
       10       -1        1        1  354.6640   -25.3977  279.9371
       10        1       -1       -1  209.7799   -33.6526  408.6514
       10        1       -1        1  205.3320   -33.6526  403.2657
       10        1        1       -1  209.7799   -25.3977  408.6514
       10        1        1        1  205.3320   -25.3977  403.2657
       11       -1       -1       -1  359.0824   -25.0802  285.3130
       11       -1       -1        1  354.6344   -25.0802  279.9273
       11       -1        1       -1  359.0824   -16.8252  285.3130
       11       -1        1        1  354.6344   -16.8252  279.9273
       11        1       -1       -1  209.7503   -25.0802  408.6417
       11        1       -1        1  205.3024   -25.0802  403.2559
       11        1        1       -1  209.7503   -16.8252  408.6417
       11        1        1        1  205.3024   -16.8252  403.2559
       12       -1       -1       -1  359.0528   -16.5077  285.3033
       12       -1       -1        1  354.6048   -16.5077  279.9175
       12       -1        1       -1  359.0528    -8.2528  285.3033
       12       -1        1        1  354.6048    -8.2528  279.9175
       12        1       -1       -1  209.7207   -16.5077  408.6319
       12        1       -1        1  205.2728   -16.5077  403.2462
       12        1        1       -1  209.7207    -8.2528  408.6319
       12        1        1        1  205.2728    -8.2528  403.2462
       13       -1       -1       -1  359.0232    -7.9354  285.2935
       13       -1       -1        1  354.5752    -7.9354  279.9078
       13       -1        1       -1  359.0232     0.3197  285.2935
       13       -1        1        1  354.5752     0.3197  279.9078
       13        1       -1       -1  209.6911    -7.9354  408.6221
       13        1       -1        1  205.2432    -7.9354  403.2364
       13        1        1       -1  209.6911     0.3197  408.6221
       13        1        1        1  205.2432     0.3197  403.2364
       14       -1       -1       -1  358.9936     0.6371  285.2837
       14       -1       -1        1  354.5456     0.6371  279.8980
       14       -1        1       -1  358.9936     8.8921  285.2837
       14       -1        1        1  354.5456     8.8921  279.8980
       14        1       -1       -1  209.6615     0.6371  408.6124
       14        1       -1        1  205.2136     0.6371  403.2266
       14        1        1       -1  209.6615     8.8921  408.6124
       14        1        1        1  205.2136     8.8921  403.2266
       15       -1       -1       -1  358.9640     9.2095  285.2740
       15       -1       -1        1  354.5161     9.2095  279.8882
       15       -1        1       -1  358.9640    17.4646  285.2740
       15       -1        1        1  354.5161    17.4646  279.8882
       15        1       -1       -1  209.6320     9.2095  408.6026
       15        1       -1        1  205.1840     9.2095  403.2168
       15        1        1       -1  209.6320    17.4646  408.6026
       15        1        1        1  205.1840    17.4646  403.2168
       16       -1       -1       -1  358.9344    17.7820  285.2642
       16       -1       -1        1  354.4865    17.7820  279.8784
       16       -1        1       -1  358.9344    26.0370  285.2642
       16       -1        1        1  354.4865    26.0370  279.8784
       16        1       -1       -1  209.6024    17.7820  408.5928
       16        1       -1        1  205.1544    17.7820  403.2071
       16        1        1       -1  209.6024    26.0370  408.5928
       16        1        1        1  205.1544    26.0370  403.2071
       17       -1       -1       -1  358.9048    26.3545  285.2544
       17       -1       -1        1  354.4569    26.3545  279.8687
       17       -1        1       -1  358.9048    34.6094  285.2544
       17       -1        1        1  354.4569    34.6094  279.8687
       17        1       -1       -1  209.5728    26.3545  408.5830
       17        1       -1        1  205.1248    26.3545  403.1973
       17        1        1       -1  209.5728    34.6094  408.5830
       17        1        1        1  205.1248    34.6094  403.1973
       18       -1       -1       -1  358.8752    34.9269  285.2446
       18       -1       -1        1  354.4273    34.9269  279.8589
       18       -1        1       -1  358.8752    43.1819  285.2446
       18       -1        1        1  354.4273    43.1819  279.8589
       18        1       -1       -1  209.5432    34.9269  408.5733
       18        1       -1        1  205.0952    34.9269  403.1875
       18        1        1       -1  209.5432    43.1819  408.5733
       18        1        1        1  205.0952    43.1819  403.1875
       19       -1       -1       -1  358.8456    43.4994  285.2349
       19       -1       -1        1  354.3976    43.4994  279.8491
       19       -1        1       -1  358.8456    51.7543  285.2349
       19       -1        1        1  354.3976    51.7543  279.8491
       19        1       -1       -1  209.5135    43.4994  408.5635
       19        1       -1        1  205.0656    43.4994  403.1778
       19        1        1       -1  209.5135    51.7543  408.5635
       19        1        1        1  205.0656    51.7543  403.1778
       20       -1       -1       -1  358.8160    52.0717  285.2251
       20       -1       -1        1  354.3680    52.0717  279.8394
       20       -1        1       -1  358.8160    60.3268  285.2251
       20       -1        1        1  354.3680    60.3268  279.8394
       20        1       -1       -1  209.4839    52.0717  408.5537
       20        1       -1        1  205.0360    52.0717  403.1680
       20        1        1       -1  209.4839    60.3268  408.5537
       20        1        1        1  205.0360    60.3268  403.1680
       21       -1       -1       -1  358.7864    60.6442  285.2153
       21       -1       -1        1  354.3384    60.6442  279.8296
       21       -1        1       -1  358.7864    68.8992  285.2153
       21       -1        1        1  354.3384    68.8992  279.8296
       21        1       -1       -1  209.4543    60.6442  408.5440
       21        1       -1        1  205.0064    60.6442  403.1582
       21        1        1       -1  209.4543    68.8992  408.5440
       21        1        1        1  205.0064    68.8992  403.1582
       22       -1       -1       -1  358.7568    69.2166  285.2056
       22       -1       -1        1  354.3088    69.2166  279.8198
       22       -1        1       -1  358.7568    77.4717  285.2056
       22       -1        1        1  354.3088    77.4717  279.8198
       22        1       -1       -1  209.4247    69.2166  408.5342
       22        1       -1        1  204.9768    69.2166  403.1485
       22        1        1       -1  209.4247    77.4717  408.5342
       22        1        1        1  204.9768    77.4717  403.1485
       23       -1       -1       -1  358.7272    77.7891  285.1958
       23       -1       -1        1  354.2792    77.7891  279.8101
       23       -1        1       -1  358.7272    86.0441  285.1958
       23       -1        1        1  354.2792    86.0441  279.8101
       23        1       -1       -1  209.3951    77.7891  408.5244
       23        1       -1        1  204.9472    77.7891  403.1387
       23        1        1       -1  209.3951    86.0441  408.5244
       23        1        1        1  204.9472    86.0441  403.1387
       24       -1       -1       -1  358.6976    86.3616  285.1860
       24       -1       -1        1  354.2496    86.3616  279.8003
       24       -1        1       -1  358.6976    94.6165  285.1860
       24       -1        1        1  354.2496    94.6165  279.8003
       24        1       -1       -1  209.3655    86.3616  408.5147
       24        1       -1        1  204.9176    86.3616  403.1289
       24        1        1       -1  209.3655    94.6165  408.5147
       24        1        1        1  204.9176    94.6165  403.1289
       25       -1       -1       -1  358.6680    94.9340  285.1763
       25       -1       -1        1  354.2200    94.9340  279.7905
       25       -1        1       -1  358.6680   103.1890  285.1763
       25       -1        1        1  354.2200   103.1890  279.7905
       25        1       -1       -1  209.3359    94.9340  408.5049
       25        1       -1        1  204.8880    94.9340  403.1192
       25        1        1       -1  209.3359   103.1890  408.5049
       25        1        1        1  204.8880   103.1890  403.1192
