2077
2078
2134
2135
2142
2143
2144
2145
2146
2147
2150
2151
2152
2155
2156
2157
2158
2159
2160
2161
2162
2163
2166
2191
2193
2194
2195
2196
2197
2198
2199
2200
2204
2205
2206
2207
2208
2209
2210
2211
2214
2215
2216
2217
2218
2219
2220
2221
2222
2223
2224
2225
2226
2227
2228
2230
2231
2232
2233
2237
2238
2239
2240
2241
2242
2243
2244
2245
2246
2247
2248
2249
2250
2251
2252
2253
2254
2255
2259
2261
2262
2263
2264
2265
2266
2267
2268
2269
2270
2272
2273
2274
2275
2276
2277
2278
2279
2280
2289
2290
2291
2292
2293
2294
2295
2296
2297
2298
2299
2301
2302
2303
2304
2305
2306
2307
2308
2309
2310
2311
2316
2317
2318
2319
2320
2321
2322
2323
2324
2325
2326
2327
2328
2329
2330
2331
2333
2334
2335
2336
2337
2338
2339
2340
2341
2342
2343
2344
2345
2346
2347
2348
2349
2350
2351
2352
2353
2354
2357
2358
2359
2360
2361
2362
2363
2364
2365
2366
2367
2368
2369
2370
2371
2372
2373
2374
2375
2376
2378
2379
2380
2381
2382
2383
2384
2385
2386
2387
2388
2389
2390
2391
2392
2393
2394
2485
2486
2487
2488
2489
2491
2492
2493
2494
2495
2497
2498
2499
2500
2501
2502
2506
2507
2508
2509
2510
2512
2513
2514
2515
2517
2518
2519
2520
2521
2522
2523
2529
2531
2532
2533
2534
2535
2536
2537
2538
2539
2540
2541
2542
2543
2544
2545
2565
2566
2568
2570
2571
2572
2573
2574
2575
2576
2577
2578
2579
2580
2581
2582
2583
2584
2585
2586
2587
2588
2591
2592
2593
2594
2595
2596
2597
2598
2599
2600
2601
2602
2603
2604
2605
2606
2607
2608
2609
2610
2611
2614
2615
2616
2617
2618
2619
2620
2621
2622
2623
2624
2625
2626
2627
2628
2629
2630
2632
2633
2634
2635
2636
2637
2638
2639
2640
2641
2642
2643
2644
2645
2646
2647
2648
2649
2650
2651
2652
2653
2654
2655
2656
2710
2711
2712
2713
2714
2715
2716
2717
2718
2719
2720
2721
2723
2724
2725
2726
2727
2728
2729
2730
2731
2732
2733
2734
2735
2737
2738
2739
2740
2741
2742
2743
2744
2830
2831
2832
2833
2834
2835
2836
2837
2838
2839
2840
2841
2842
2843
2844
2845
2846
2848
2849
2850
2851
2853
2854
2855
2856
2857
2858
2859
2860
2861
2862
2863
2864
2865
2866
2868
2870
4007
4023
4024
4025
4026
4027
4028
4029
4030
4031
4032
4042
4044
4045
4046
4047
4048
4049
4050
4051
4052
4053
4054
4055
4056
4057
4058
4060
4061
4062
4063
4064
4065
4066
4067
4069
4070
4071
4072
4073
4074
4075
4076
4077
4078
4082
4083
4084
4085
4086
4087
4088
4089
4090
4091
4092
4093
4094
4095
4096
4097
4098
4099
4100
4101
4102
4103
4104
4105
4106
4107
4108
4109
4110
4111
4112
4113
4114
4115
4116
4117
4118
4119
4120
4121
4122
4123
4125
4126
4127
4128
4129
4130
4131
4132
4136
4137
4138
4139
4140
4142
4143
4144
4145
4146
4147
4148
4149
4150
4190
4191
4192
4194
4195
4196
4197
4198
4199
4200
4201
4203
4204
4205
4206
4207
4208
4212
4213
4214
4215
4216
4217
4218
4219
4224
4225
4226
4227
4228
4229
4230
4231
4232
4233
4234
4235
4236
4237
4238
4239
4240
4241
4242
4243
4244
4245
4247
4248
4249
4250
4251
4252
4253
4255
4256
4257
4258
4259
4260
4261
4262
4264
4266
4267
4268
4269
4270
4271
4272
4273
4274
4275
4276
4277
4278
4279
4280
4281
4282
4283
4284
4285
4286
4287
4288
4289
4290
4291
4292
4293
4294
4295
4296
4297
4298
4299
4300
4302
4303
4304
4305
4306
4308
4309
4310
4311
4312
4313
4315
4316
4317
4318
4319
4320
4321
4322
4323
4324
4325
4326
4327
4333
4334
4336
4337
4338
4339
4340
4341
4342
4343
4344
4345
4346
4347
4348
4349
4350
4351
4352
4353
4354
4355
4356
4357
4358
4359
4360
4361
4362
4363
4364
4365
4366
4367
4368
4369
4370
4371
4372
4373
4374
4375
4376
4377
4378
4379
4380
4383
4384
4385
4386
4387
4388
4389
4390
4391
4392
4393
4394
4395
4396
4397
4398
4399
4401
4402
4403
4404
4405
4406
4407
4408
4409
4410
4411
4412
4413
4414
4448
4449
4450
4451
4452
4453
4454
4455
4456
4457
4458
4459
4460
4461
4462
4463
4464
4466
4467
4468
4469
4470
4471
4472
4473
4474
4475
4476
4477
4478
4479
4480
4481
4482
4483
4484
4485
4486
4487
4488
4489
4490
4491
4492
4493
4495
4496
4497
4498
4499
4500
4501
4502
4503
4504
4505
4506
4507
4508
4509
4511
4512
4513
4514
4515
4516
4517
4518
4519
4520
4521
4522
4523
4524
4525
4526
4527
4528
4529
4530
4531
4532
4533
4534
4535
4536
4537
4538
4539
4540
4541
4543
4544
4545
4546
4547
4548
4549
4550
4551
4552
4553
4554
4555
4556
4557
4558
4559
4560
4561
4562
4563
4564
4565
4566
4567
4568
4569
4570
4571
4572
4573
4593
4594
4595
4596
4597
4598
4599
4600
4601
4602
4603
4604
4605
4610
4611
4612
4613
4614
4615
4616
4617
4618
4619
4621
4622
4623
4624
4625
4626
4627
4628
4629
4630
4631
4632
4633
4634
4635
4636
4637
4638
4639
4640
4642
4643
4644
4645
4646
4647
4648
4649
4650
4651
4652
4653
4654
4655
4656
4657
4658
4659
4660
4661
