x     y                    yerr                   yferr
110   0.6865464222353636   0.3182007260855081     0.4634802771959122
130   1.1941122007444775   0.015218670887206165   0.012744757885999304
150   1.2121801801801804   0.009197962170153812   0.007587949646880559
170   1.2438488909077143   0.007945505025898714   0.006387837850705789
190   1.2555379126480042   0.007993015551288988   0.00636620803782121
210   1.2915244236523793   0.009583616398001805   0.007420391145914006
230   1.3240131980936087   0.011978956719982161   0.009047460204498082
250   1.3232362712526873   0.0144042972106252     0.010885657779762093
270   1.3866288875396342   0.018158536414968847   0.01309545515612938
290   1.4152046783625727   0.022336810860299133   0.01578344899632708
310   1.4611546685673555   0.03092087828342807    0.02116194743007297
330   1.5022911737398545   0.03351845350111845    0.022311555900096567
350   1.552746050096339    0.03700227703333375    0.02383021810362227
370   1.5721437410099055   0.04006961501178902    0.025487246468983368
390   1.6149532710280379   0.04554600599210212    0.028202677321498414
